1	251384	74	aea7e8edc307b8a0c0c5ff4e46c0eb07
2	251384	14	943f140db02213e6ed44bce18671709c
3	251384	0	47daee6e30b4fa143b16ecea9350a97c
4	251384	43	c3909366bf0b7205176ecb84140e33bd
5	251384	5943	2e8a2ef4489ae6e3e5860c60e7e2945e
6	251384	41280	188ca463367abf827b9590c8ce67da2c
7	251384	607	177cf6611b35df84b7dbc90a6fc22336
8	251384	142660	fb358d924ca43371e61b6144338f02e4
9	251384	16	3482cb9f7c65658de8d9d7e86d85ae68
10	251384	1	8e48d5858afa7f98d4294b65094430df
11	251384	10.615	81bffed5e52ceda7b42dfee99e8b3f42
12	251384	74	d1034e7c0dd09485a148c37619067939
13	251384	6599	36da36d507279a584694092a53a6376d
14	251384	203	eaac434704c075eb6a0714fdf94a8d1d
15	251384	www.youtube.com.	3564242e645850c6efc2eafc10655655
16	251384	45	901ba4bb1ab776d4dd5c326f6c62c999
17	251384	120	18b2a00999d6c8da1134027077fc6242
18	251384	71	2afb35e3e4c212532845dceb0f7790bb
19	251384	498	4ab78419e04d9f235ee0499eb6b50c49
20	251384	55	0dc51a60ebdff76589e52f72ed64d31e
21	251384	330	864dc34331440f2366eac30ee4b7e153
22	251384	1457	8713b8fa117346e9c17e2f15e5cdab52
23	251384	997044	cac07ceb05987d04f21edd9d170a4f1b
24	251384	73	ba5d4f07bd273b8773dde0d58f9b696f
25	251384	14	397a0ea7d793610efa0508f4866023a3
