1	858	1348	d640330bb8f6817558f56c5c15d03a17
2	858	13	3d44d5364fdc87c583f83e9efd65b181
3	858	4	b8388afdf87031a5a57efdaca9a97713
4	858	9	d050a7faf2b9db05b75f2689af9136c1
5	858	11	375723484b6e9b460eb2e6f8dec53cc0
6	858	43301	64769fcb42274a6455a3d436c74f2831
7	858	49	5aab1c3d9f4fa59a222146af4f2a3ac6
8	858	1004	330bfa9ba38315d61e65d9e6c3595a3a
9	858	12	7e32a0c0b6a5784d4a323bdfd4860b8d
10	858	1	4ebb0315b479c6b83659628690116263
11	858	0.066	8cc21ace428950822a7ae006279a2750
12	858	14	86ab8855c229469bcd8a2f2bc8a7f264
13	858	43	7641f552af5afbded6f3a75385bc6e45
14	858	1	c575765fd05267b36e461e4654c1fa3a
15	858	data.flurry.com.	5719f0ccbb69e20748f83cfe98d883ca
16	858	2	2d28b47e61c77a28e7910035d4252eaa
17	858	3	b01835031583ec26f1eb11d7e3c02e95
18	858	2	be95fc1a9ebd308ec0a35309acdab4df
19	858	2	b8242c11be491d1c35267b52db9f84b0
20	858	55	29f0b5d9d0383a277f346ce1c74f05f0
21	858	9	ddaea70583749e67a0b09f013f7577fd
22	858	106	e975108f3f35cfa6758814656927ba92
23	858	987605	51c89cabc44868156a212a1bd87d2cf8
24	858	7	c3630e78e29ce1eefd5e166cc99cfda8
25	858	10	694e3bd5307eeb5177dff8d5e2d03712
